t47_10m.asc
ncols         237
nrows         224
xllcorner     1210712.0242404
yllcorner     -710293.74166285
cellsize      10
NODATA_value  -9999
[rows 0 to 27 of 224, columns 126 to 188 of 237]
358.1917 357.3765 356.5232 355.591 354.6664 353.8233 352.954 352.1574 351.4816 350.7265 349.8988 349.1122 348.2103 347.1816 346.2362 345.2427 344.1941 343.1753 342.0648 340.9236 339.8737 338.7962 337.7439 336.7566 335.7376 334.7895 333.9184 333.0103 331.9939 331.0791 330.3291 329.3946 328.2765 327.1669 326.0578 324.8629 323.5329 322.0898 320.6872 319.2095 317.7821 316.4786 315.1567 313.7744 312.5304 311.355 309.925 308.4741 307.1855 305.8908 304.503 303.1154 301.6097 299.8792 298.2376 296.767 295.2863 293.7118 292.1277 290.6006 289.0319 287.4007 285.7068
357.6259 356.7487 355.8217 354.8703 354.0296 353.2836 352.4492 351.7035 351.1338 350.3584 349.4906 348.6697 347.777 346.7233 345.7631 344.8405 343.8229 342.807 341.7345 340.5864 339.5107 338.4572 337.3769 336.3925 335.3905 334.3716 333.4828 332.6136 331.755 330.9477 330.1885 329.2477 328.1032 326.9601 325.8843 324.713 323.35 321.8257 320.3634 318.9489 317.571 316.254 314.9004 313.4803 312.2619 311.1456 309.7198 308.273 307.0652 305.8121 304.464 303.0943 301.5503 299.7143 297.966 296.4908 295.0709 293.5649 292.008 290.4728 288.9309 287.2878 285.5475
356.9511 356.051 355.0693 354.1465 353.3876 352.6884 351.9471 351.2357 350.6407 349.7672 348.8648 348.0817 347.2874 346.3429 345.3369 344.3826 343.3623 342.3243 341.2631 340.1242 339.0112 337.998 336.9754 335.9739 334.948 333.9369 333.0846 332.2747 331.5272 330.8257 330.0227 329.0085 327.8514 326.7122 325.6461 324.443 323.0042 321.5299 320.1605 318.8002 317.415 316.0166 314.6259 313.235 311.9909 310.8968 309.6055 308.1962 306.9625 305.7303 304.3825 302.9808 301.4097 299.5334 297.689 296.2422 294.9308 293.5329 292.0219 290.4327 288.8798 287.2499 285.4929
356.1382 355.2261 354.2401 353.3516 352.6576 351.9602 351.2966 350.622 349.9296 349.0364 348.2426 347.5525 346.723 345.7769 344.7484 343.7712 342.7681 341.7325 340.6472 339.5304 338.4588 337.5095 336.5978 335.5445 334.4352 333.4857 332.7238 331.9968 331.2401 330.5654 329.7857 328.728 327.5624 326.4109 325.3261 324.1403 322.713 321.3385 320.0004 318.5631 317.1115 315.6638 314.3029 313.0281 311.8169 310.6581 309.4081 308.0462 306.7624 305.5301 304.2134 302.845 301.3207 299.491 297.6135 296.0771 294.7674 293.478 292.056 290.4172 288.8199 287.2372 285.5347
355.2204 354.2595 353.3391 352.5141 351.8618 351.1785 350.5535 349.9488 349.245 348.4294 347.6676 346.9045 345.9486 344.9799 344.0239 343.035 342.0432 341.0623 339.9761 338.899 337.9258 337.0012 336.0786 334.9899 333.8224 332.8721 332.1348 331.4633 330.7123 330.0932 329.4567 328.4943 327.3388 326.1466 325.0323 323.8617 322.3685 320.9031 319.4823 318.0486 316.6568 315.2519 313.9598 312.855 311.7636 310.5626 309.2271 307.8342 306.5086 305.2709 303.9838 302.6548 301.2002 299.5512 297.831 296.162 294.6824 293.3937 292.0398 290.4223 288.7478 287.179 285.5536
354.3455 353.3102 352.4565 351.707 351.0751 350.4407 349.8188 349.2114 348.4894 347.7176 346.9414 346.1122 345.1896 344.2892 343.4201 342.43 341.3782 340.3769 339.2138 338.1198 337.2212 336.2828 335.2488 334.0986 333.0215 332.1321 331.3453 330.7006 330.1345 329.6408 329.0567 328.124 326.9931 325.7498 324.4555 323.1508 321.6011 320.1165 318.7701 317.4719 316.2339 314.9474 313.7173 312.7023 311.7138 310.5136 309.081 307.5953 306.2603 305.0208 303.7108 302.3774 301.0277 299.5815 298.0592 296.3282 294.6159 293.2491 291.9439 290.4252 288.7388 287.156 285.5779
353.352 352.2652 351.4923 350.8238 350.1281 349.5284 348.9375 348.2806 347.5067 346.7545 346.0646 345.3069 344.4215 343.573 342.8169 341.8294 340.6229 339.4976 338.2874 337.2365 336.4067 335.4039 334.2177 332.9444 332.0466 331.3747 330.5855 329.8705 329.4853 329.0864 328.4301 327.4537 326.339 324.8901 323.166 321.6631 320.2376 318.9628 317.9229 316.8472 315.8463 314.8094 313.6707 312.6143 311.5297 310.2155 308.716 307.234 305.9638 304.7436 303.4405 302.1647 300.8704 299.4772 297.9993 296.2882 294.5587 293.2036 291.9443 290.4722 288.8151 287.2012 285.5318
352.3101 351.2343 350.5204 349.8751 349.0535 348.4497 347.9521 347.2576 346.4263 345.7032 345.1501 344.4837 343.5653 342.7223 341.9998 340.9749 339.6594 338.5276 337.3709 336.3349 335.4905 334.3952 333.1492 331.7855 330.9969 330.5312 329.8093 328.94 328.5616 328.2306 327.6536 326.8018 325.586 323.6066 321.5314 320.1541 318.9432 317.7792 316.9604 316.1799 315.5394 314.8049 313.6592 312.4732 311.2109 309.7172 308.209 306.8472 305.7113 304.5333 303.266 302.0429 300.687 299.1724 297.6491 296.0823 294.588 293.2606 291.8901 290.3039 288.6472 287.0562 285.3242
351.2565 350.2435 349.5316 348.8593 347.9427 347.3038 346.8273 346.0793 345.2526 344.5659 344.0645 343.519 342.7029 341.9042 341.0663 339.9521 338.7045 337.7068 336.6188 335.4077 334.3468 333.1354 331.8004 330.4608 329.7019 329.142 328.4208 327.6724 327.3763 327.1486 326.7672 326.0269 324.4858 321.9921 320.0031 318.9208 317.8716 316.7508 316.0616 315.6538 315.3446 314.5627 313.118 311.9608 310.7621 309.1303 307.6004 306.3896 305.4427 304.3996 303.1796 301.9325 300.4467 298.7842 297.2436 295.8458 294.5959 293.2949 291.8276 290.1477 288.4169 286.8147 285.1151
350.063 349.1333 348.3859 347.6925 346.7747 346.0696 345.4782 344.6096 343.8867 343.3297 342.899 342.5384 341.8677 341.0273 340.0027 338.8419 337.7593 336.8632 335.695 334.1786 332.8688 331.5632 330.1534 328.9804 328.1876 327.4067 326.7453 326.3448 326.144 325.8675 325.4503 324.5235 322.6024 320.1064 318.4355 317.4868 316.584 315.7237 315.2282 315.1041 314.8 313.5261 311.6486 310.8656 309.986 308.3668 306.9393 305.8927 305.0566 304.1551 302.9847 301.6465 300.142 298.5254 297.0339 295.6993 294.513 293.2827 291.8441 290.0949 288.2362 286.6423 285.0466
348.7734 347.8307 346.9923 346.2742 345.3678 344.5753 343.8865 343.065 342.5092 342.139 341.7613 341.4683 340.8709 339.9194 338.7542 337.6321 336.6655 335.6458 334.1863 332.4565 331.078 329.7855 328.4991 327.4921 326.6837 325.9259 325.3062 324.8286 324.4641 324.0351 323.4959 322.2719 320.121 318.0169 316.7578 316.0127 315.3431 314.7014 314.2159 313.9985 313.3676 311.6814 310.0243 309.589 308.8834 307.5151 306.4065 305.5132 304.6562 303.7604 302.6301 301.2533 299.7681 298.2573 296.8542 295.5645 294.3495 293.1354 291.7355 289.9477 288.0649 286.5153 285.017
347.1979 346.149 345.3566 344.6866 343.8002 342.9663 342.2726 341.6446 341.222 340.9485 340.6038 340.2251 339.6053 338.5446 337.3177 336.2745 335.2688 334.0229 332.3926 330.5746 329.1787 328.0511 326.9127 325.8422 325.0449 324.3717 323.7151 323.0636 322.4862 321.8922 321.1223 319.6259 317.7997 316.5094 315.6783 315.0634 314.4401 313.7562 313.0616 312.4617 311.479 310.0694 309.0379 308.5845 307.8307 306.7499 305.9834 305.2556 304.3323 303.3287 302.2111 300.8851 299.4358 298.0204 296.7245 295.5055 294.2165 292.9084 291.5155 289.8314 288.0607 286.5015 285.0044
345.4242 344.4263 343.7921 343.121 342.2662 341.5303 340.8944 340.3394 339.9201 339.6158 339.2742 338.8036 338.1072 337.0544 335.8685 334.7835 333.7014 332.2633 330.3473 328.4461 327.1454 326.2162 325.225 324.2642 323.6028 322.9991 322.3228 321.6832 320.95 320.0779 319.0717 317.8404 316.7503 315.7931 314.9308 314.2904 313.6492 312.8739 312.0637 311.3224 310.4139 309.2997 308.464 307.8315 307.0226 306.1576 305.5657 304.9421 303.9814 302.911 301.8535 300.6602 299.3322 297.9798 296.656 295.3652 294.0787 292.7805 291.4374 289.9398 288.3007 286.6542 285.0154
343.9139 342.9624 342.3112 341.5798 340.7663 340.1544 339.5628 338.969 338.4412 338.025 337.6875 337.2422 336.4759 335.5017 334.355 333.0658 331.7249 329.921 327.8623 326.3188 325.3564 324.6337 323.871 323.0303 322.3838 321.764 321.0981 320.5001 319.7913 318.9011 318.0171 317.0176 315.9172 314.6383 313.691 313.2153 312.6261 311.8171 311.0035 310.3004 309.5031 308.5115 307.7807 307.2422 306.5288 305.7457 305.1343 304.5356 303.6262 302.5554 301.4944 300.3309 299.1166 297.8871 296.5262 295.1178 293.8781 292.705 291.4024 289.9669 288.4856 286.892 285.1187
342.4233 341.5759 340.9413 340.2201 339.3862 338.7361 338.1036 337.4067 336.6897 336.1846 335.7462 335.3133 334.5436 333.5035 332.1703 330.5875 329.0519 327.4349 325.9684 324.8882 324.0305 323.2699 322.5704 321.7377 320.9948 320.3123 319.7529 319.2525 318.6166 317.7466 316.7877 315.6585 314.2508 312.8205 311.9857 311.6016 310.9521 310.0908 309.3087 308.8191 308.2429 307.5207 307.0197 306.6416 306.0096 305.2606 304.59 303.9305 303.0311 301.9622 300.9045 299.7746 298.701 297.693 296.4231 294.948 293.6612 292.554 291.3379 289.9372 288.6078 287.1426 285.2613
341.014 340.2211 339.5153 338.7395 337.8657 337.1654 336.5151 335.7785 334.9381 334.2908 333.5562 333.0571 332.3441 330.9197 329.1965 327.73 326.8141 326.0121 325.0469 323.8303 322.5595 321.4615 320.6307 319.8683 319.2465 318.6035 318.1896 317.8687 317.3054 316.3508 315.0735 313.5861 311.9005 310.5128 309.8054 309.3695 308.5644 307.7487 307.2423 306.9991 306.5315 306.1204 305.8509 305.4756 304.9836 304.4245 303.7652 303.0285 302.1877 301.2057 300.2233 299.1561 298.1243 297.2428 296.1461 294.7835 293.5154 292.4558 291.3912 290.0989 288.8126 287.2881 285.2351
339.4802 338.706 337.9165 337.015 336.0378 335.3044 334.6542 333.8953 333.045 332.3223 331.4809 330.7349 330.0136 328.7154 327.2709 326.1922 325.5583 324.9158 323.8451 322.191 320.5415 319.2782 318.3312 317.6669 317.3269 316.9213 316.562 316.3401 315.8638 314.8979 313.4626 311.6203 309.704 308.2455 307.4584 306.9895 306.1918 305.5546 305.226 304.8021 304.316 304.3253 304.3234 304.0028 303.7337 303.3867 302.7759 302.0393 301.2734 300.3706 299.4954 298.5848 297.618 296.7833 295.8275 294.6616 293.5345 292.4987 291.48 290.2284 288.8181 287.0942 285.0426
337.7175 337.0281 336.2311 335.12 333.9017 333.1324 332.4266 331.5198 330.9141 330.4418 329.7095 328.9202 328.3846 327.5026 326.1575 324.8501 323.8293 322.873 321.6483 320.0482 318.5174 317.2323 316.2277 315.6641 315.5372 315.4193 315.0416 314.5768 314.0812 313.3309 311.7869 309.4878 307.6193 306.3933 305.5344 304.8901 304.1447 303.5964 303.2625 302.8578 302.5905 302.6703 302.5983 302.4423 302.4855 302.2791 301.6795 300.9453 300.2387 299.5062 298.8442 298.1592 297.2921 296.4178 295.4849 294.4183 293.37 292.3522 291.3027 290.0072 288.4601 286.6908 284.9675
335.9677 335.2713 334.3929 332.9946 331.5168 330.7002 330.1542 329.3727 329.0019 328.6137 327.9316 327.2333 326.6062 325.6659 324.1461 322.5037 321.093 320.0438 318.9314 317.5477 316.2184 315.1128 314.2429 313.8438 313.9031 313.9566 313.5406 312.6398 311.8401 311.0522 308.9867 306.4897 305.2318 304.522 303.539 302.6139 301.993 301.5849 301.3423 301.2022 301.0789 300.8712 300.5015 300.6359 300.9317 300.8044 300.332 299.7635 299.1989 298.6242 298.1364 297.6308 296.7802 295.7538 294.8247 293.9156 292.9705 292.0007 290.972 289.7278 288.2704 286.6731 285.2411
334.2608 333.377 332.1719 330.6121 329.349 328.6191 328.2028 327.6432 327.1159 326.4597 325.6889 324.9056 324.0044 322.9097 321.3809 319.6695 318.1819 317.0265 315.7726 314.4078 313.0868 312.3395 311.9976 311.8998 312.0541 312.2369 311.9241 310.7552 309.4717 307.8488 304.8918 303.2952 302.6959 302.1744 301.2154 300.3428 299.8697 299.6229 299.5546 299.5513 299.4366 299.0814 298.6789 298.7758 298.9372 298.9061 298.7585 298.4933 298.1204 297.616 297.162 296.687 295.791 294.6246 293.8354 293.2751 292.5203 291.5707 290.6032 289.4983 288.2472 286.9449 285.8726
332.4615 331.3489 329.9582 328.5069 327.4908 326.745 326.0457 325.3945 324.6899 323.7766 323.0042 322.2192 321.0637 319.9075 318.5042 317.0191 315.6079 313.9383 312.1672 310.8719 309.9394 309.8099 309.9592 309.8538 309.9109 310.2764 309.9123 308.2452 306.5792 304.5171 301.9589 300.9005 300.2493 299.6252 298.8732 298.2291 297.7426 297.4871 297.6064 297.7624 297.5372 297.0558 296.6432 296.6049 296.683 296.7733 297.0153 297.0314 296.8275 296.3604 295.8271 295.2385 294.2794 293.2586 292.7911 292.5089 291.8668 290.9308 290.0659 289.1397 288.1542 287.3243 286.7349
330.4858 329.4266 328.1707 326.8715 325.7645 324.7939 323.7347 322.8717 322.2075 321.3046 320.397 319.552 318.4189 317.211 315.7664 314.3666 312.8865 310.7581 308.751 307.7108 307.3059 307.5764 307.838 307.579 307.3835 307.41 306.6337 304.5645 302.7391 301.1817 299.6548 298.7036 298.0266 297.388 296.6734 296.1633 295.7139 295.4337 295.713 295.9729 295.6116 295.1008 294.6734 294.5255 294.5413 294.641 295.1357 295.2831 295.0377 294.5904 294.1349 293.6072 292.7605 292.0618 291.7453 291.3919 290.766 290.015 289.4053 288.8286 288.2856 287.9176 287.5777
328.5962 327.5291 326.2947 325.0968 323.9614 322.8716 321.7393 320.7536 319.9411 318.9391 317.7236 316.697 315.8174 314.6303 312.8323 311.1925 309.5964 307.5291 305.9864 305.1897 304.7799 304.8731 304.9389 304.6228 304.1456 303.1907 301.6998 300.1158 299.0342 298.2474 297.1516 296.1771 295.7242 295.365 294.8644 294.4408 294.1079 293.835 293.8873 293.915 293.5236 293.0966 292.7566 292.6492 292.6762 292.5565 292.7214 292.9289 292.6963 292.3484 292.1443 291.8008 291.2339 290.8238 290.5171 290.0097 289.4636 289.0735 288.8286 288.7122 288.6651 288.5387 288.1534
326.7577 325.6295 324.4203 323.3079 322.1552 321.0006 319.8442 318.8009 317.8032 316.6391 315.3798 314.2849 313.2701 311.7758 309.5692 307.7144 306.0438 304.1964 303.2155 302.8665 302.5606 302.295 302.0881 301.7028 300.9542 299.5164 297.5536 296.5328 296.1738 295.647 294.617 293.8476 293.5961 293.4765 293.2078 292.783 292.5191 292.2296 291.9656 291.7024 291.2764 290.8646 290.6724 290.6265 290.704 290.4506 289.9821 290.0165 289.9791 289.89 290.0424 289.9846 289.7454 289.5077 289.1352 288.6227 288.2662 288.1999 288.1998 288.3783 288.6556 288.7512 288.4999
324.812 323.6187 322.4026 321.2935 320.1846 319.0999 317.9461 316.9211 315.8407 314.3586 312.8224 311.6386 310.3481 308.5634 306.3703 304.2349 302.5482 301.0518 300.4029 300.1627 299.8833 299.6745 299.4807 298.9534 297.8325 296.1456 294.535 293.9003 293.6987 293.1892 292.4869 292.0859 291.7808 291.6631 291.4448 290.9557 290.7394 290.5203 290.1079 289.6358 289.1566 288.7781 288.6603 288.4689 288.2445 287.9414 287.4067 287.3116 287.3472 287.6171 288.189 288.3946 288.3577 288.138 287.6772 287.3295 287.2453 287.3441 287.3753 287.5544 287.8924 288.211 288.4495
322.8255 321.446 320.1734 319.0367 317.8867 316.7769 315.6114 314.7148 313.7153 312.133 310.2903 308.8016 307.2697 305.621 303.6517 301.2064 299.5308 298.282 297.5998 297.3209 296.9159 296.8284 296.758 296.0211 294.5317 292.8848 291.7794 291.1441 290.7504 290.3465 290.1044 290.0854 289.7532 289.5746 289.4733 289.037 288.8036 288.6357 288.2004 287.773 287.4037 286.9951 286.7744 286.4628 285.9424 285.5225 285.3164 285.3553 285.5582 286.101 286.8018 287.012 286.9344 286.6645 286.245 286.1614 286.2895 286.4098 286.3757 286.4236 286.7175 287.2598 288.0514
320.7251 319.2833 317.8532 316.4875 315.2889 314.0912 312.6369 311.6115 310.723 309.3462 307.7245 306.303 304.7038 302.8779 300.7632 298.4232 296.8647 295.7198 294.7773 294.484 294.0162 293.745 293.4122 292.3658 291.0459 289.9467 289.1572 288.4732 288.1433 287.9704 287.7087 287.7189 287.6237 287.3815 287.3865 287.214 286.9647 286.7257 286.345 285.8874 285.49 285.1616 284.9041 284.5087 283.9276 283.4216 283.3021 283.5277 283.9128 284.3597 284.9903 285.3662 285.4154 285.1964 284.9442 285.0448 285.2188 285.3015 285.2664 285.3096 285.8013 286.6628 287.6568
318.6152 317.1697 315.6291 314.1899 312.9797 311.3911 309.6959 308.6356 307.6517 306.1854 304.799 303.5344 302.1177 300.4534 298.3021 295.9925 294.5576 293.469 292.2691 291.5576 290.9808 290.5999 290.0467 288.9999 287.9137 287.1412 286.6357 286.2457 286.0849 285.8711 285.3582 285.2988 285.3923 285.0725 285.0806 285.2349 285.088 284.7889 284.4201 284.0131 283.6959 283.4189 283.0076 282.4366 281.8383 281.535 281.5102 281.7086 281.894 282.0699 282.7757 283.4836 283.6913 283.457 283.3726 283.6487 283.8477 283.9073 283.9566 284.132 284.8476 285.8595 286.6917
