t47_10m.asc
ncols         237
nrows         224
xllcorner     1210712.0242404
yllcorner     -710293.74166285
cellsize      10
NODATA_value  -9999
[rows 28 to 55 of 224, columns 63 to 125 of 237]
428.753 424.4674 420.5623 417.3223 414.4575 411.9456 409.6631 407.6567 405.8672 404.1136 402.0076 399.5645 397.7661 396.1401 394.3725 392.7602 391.2373 389.5598 387.9036 386.1842 384.7222 383.3872 382.0094 380.4891 378.9264 377.2489 375.7302 374.4418 372.5415 369.6348 366.1008 363.124 361.4305 360.5299 359.4531 357.9061 356.2162 354.6679 353.2598 351.8744 350.3712 348.9132 347.4561 346.1183 344.5476 342.5808 340.3731 338.9088 337.6624 336.2393 334.9519 333.6756 332.1349 330.4392 328.6661 327.3394 326.4187 325.3157 324.0266 322.5153 321.0458 319.6187 318.203
426.9925 422.9726 419.4345 416.5797 413.8043 411.3654 409.2105 407.4071 405.6781 403.8228 401.5051 398.92 396.9588 395.232 393.5909 392.173 390.5685 388.576 386.8196 385.3052 383.9041 382.5261 381.1541 379.6578 378.0023 376.4122 374.749 373.0737 370.9408 367.4998 363.7471 361.6942 360.615 359.6594 358.3257 356.5319 354.7214 353.3706 352.0974 350.5645 348.9896 347.6626 346.3905 344.9901 342.9034 340.6071 338.5564 337.2585 336.1995 334.7938 333.4716 332.0919 330.4102 328.6849 327.0141 325.5138 324.5464 323.4672 322.1024 320.5389 319.1432 317.7094 316.0973
425.5827 422.2025 418.9029 415.9997 413.0756 410.6608 408.7149 406.952 405.1199 403.1282 400.6353 398.0155 396.1713 394.5771 392.9573 391.4039 389.6733 387.8098 386.1404 384.7132 383.2859 381.7127 380.2637 378.834 377.0105 375.2765 373.5994 371.7975 369.2971 365.7024 362.695 361.1977 360.0135 358.6062 357.0356 355.4161 353.8286 352.4948 351.0927 349.2466 347.5793 346.4048 345.0682 343.2615 341.0974 338.974 337.2332 336.0215 334.8271 333.2773 331.8621 330.2749 328.5198 327.042 325.7535 324.2187 322.8779 321.5586 320.0799 318.4008 316.8495 315.0601 313.1161
424.5585 421.3673 418.1627 415.2704 412.3532 409.9722 408.154 406.445 404.6248 402.4399 399.7242 397.3091 395.6652 394.0537 392.2743 390.6168 388.8597 387.0403 385.3776 383.971 382.5869 381.0281 379.4204 377.8373 375.9262 374.1685 372.6385 370.7274 367.6244 364.2927 362.2458 360.9119 359.4442 357.6637 356.0103 354.6003 353.1094 351.6394 350.2151 348.2551 346.4065 344.9963 343.4156 341.3933 339.3802 337.4608 335.831 334.6788 333.4393 331.9371 330.3849 328.6525 326.9765 325.5949 324.3766 322.8424 321.2203 319.7304 318.2057 316.4168 314.5142 312.4277 310.6279
423.1848 419.7011 416.8426 414.3018 411.6761 409.3351 407.5699 406.0279 404.2087 401.7598 398.9502 396.7869 395.1476 393.4203 391.6217 389.9351 388.0264 386.0801 384.4276 383.0986 381.7704 380.2835 378.5964 376.7022 374.7088 373.073 371.4073 368.7679 365.4916 363.1677 361.9327 360.6649 358.9185 356.8756 355.1063 353.663 352.0792 350.539 349.0734 346.9117 344.9209 343.4641 341.8703 339.9102 337.844 335.9293 334.4416 333.2923 331.9821 330.4989 328.9445 327.338 325.694 324.1461 322.7336 321.1613 319.5539 318.0461 316.5121 314.7044 312.8031 310.7266 308.8824
421.3708 418.1337 415.5306 413.1096 410.7643 408.7276 406.9702 405.3476 403.5804 401.2625 398.5051 396.2734 394.5571 392.8762 391.0665 389.23 387.1472 385.1423 383.485 382.1883 380.8863 379.3126 377.598 375.5751 373.471 371.7193 369.5393 366.4593 364.0204 362.5916 361.5336 359.9959 357.8233 355.718 354.14 352.7111 351.002 349.3833 347.7411 345.5744 343.7379 342.3638 340.7866 338.9696 337.1152 335.2433 333.5367 331.9576 330.3877 328.9207 327.4785 325.8584 324.1773 322.4352 320.734 318.961 317.5037 316.1537 314.6487 312.9534 311.2556 309.3015 307.2417
419.9092 417.07 414.681 412.1306 409.781 408.0891 406.3974 404.7597 403.1685 400.9099 398.0275 395.7398 394.1572 392.5847 390.5054 388.2084 386.0389 384.1951 382.5579 381.2054 379.7941 378.1028 376.4112 374.3221 371.924 369.83 367.408 364.749 363.055 361.8529 360.4678 358.5801 356.4415 354.7644 353.3901 351.6605 349.6221 347.9245 346.2842 344.4941 342.9226 341.4814 339.847 337.9438 336.1479 334.1965 332.1774 330.3778 328.8488 327.4534 325.8435 323.8322 322.2429 320.5944 318.8585 317.1349 315.6541 314.3055 312.7889 311.1411 309.4528 307.5985 305.3785
418.8166 416.0509 413.7835 411.1764 408.6667 407.1237 405.7072 404.2798 402.7353 400.1815 397.1882 395.1162 393.7778 392.0586 389.4831 386.7946 384.7334 383.2055 381.705 380.2624 378.5075 376.7765 375.2339 372.89 370.0033 367.6791 365.5157 363.6018 362.2037 360.8396 359.1024 357.1774 355.3953 353.9656 352.4583 350.3485 348.2583 346.7032 345.1793 343.5981 341.9551 340.0891 338.2542 336.1021 334.1678 332.3297 330.5322 329.0018 327.5449 326.042 324.3465 322.301 320.7237 318.9859 317.2404 315.6603 314.0038 312.4753 310.8847 309.0749 307.2616 305.4319 303.0706
417.4308 414.9015 412.8636 410.2374 407.5458 406.0108 404.8224 403.5229 401.6993 398.6385 395.795 394.2118 393.0656 390.8778 387.8341 385.3267 383.6155 382.2529 380.8732 379.3443 377.2471 375.2846 373.6136 371.0104 367.9472 365.8207 364.14 362.722 361.2428 359.5804 357.7568 355.9757 354.3847 352.8851 351.1746 349.129 347.3584 345.9653 344.327 342.3912 340.4897 338.4276 336.5424 334.4675 332.6211 330.8759 329.2263 327.8268 326.1962 324.4768 322.8619 320.98 319.0824 317.0225 315.3756 314.0494 312.3826 310.6917 309.1091 307.2224 305.0502 303.1576 300.9645
415.7859 413.6418 411.6824 409.0877 406.641 405.0817 403.7524 402.3044 400.2242 397.1982 394.7762 393.4152 392.1171 389.474 386.1931 383.934 382.515 381.2743 379.8883 377.951 375.4371 373.0869 371.1399 368.787 366.2512 364.5562 363.1841 361.8515 360.2378 358.5113 356.8334 355.0447 353.4241 351.8557 350.0527 348.2478 346.7635 345.3316 343.2859 340.7981 338.8637 337.135 335.4315 333.5525 331.6953 329.7363 327.8975 326.4037 324.6818 322.8275 321.1658 319.3996 317.3309 315.2356 313.6255 312.2248 310.5885 308.9182 307.3665 305.5057 302.8735 300.6313 298.6765
414.4455 412.2762 410.0674 407.8462 405.907 404.33 402.8151 401.2778 399.1584 396.4767 394.3615 392.5374 390.4491 387.7426 384.7698 382.6891 381.41 380.186 378.6321 376.4191 373.8129 371.2053 369.058 367.1674 365.2787 363.8242 362.4586 360.9671 359.327 357.6746 356.127 354.2985 352.5257 350.9408 349.215 347.5399 345.9739 344.1341 341.7724 339.3091 337.5017 335.9271 334.3407 332.5627 330.5262 328.3199 326.3509 324.7693 323.0346 321.1614 319.5209 317.7552 315.6442 313.5392 311.754 310.1214 308.4898 306.8451 305.1131 303.0292 300.2039 297.9681 296.3324
412.9304 410.6438 408.6205 406.9435 405.3142 403.7792 402.2249 400.4499 398.0749 395.6328 393.8019 391.5616 388.7576 386.2253 383.761 381.7665 380.4729 379.2544 377.6982 375.4507 372.6427 369.7827 367.7224 366.1754 364.6679 363.2569 361.7885 360.0695 358.4404 356.9012 355.3583 353.5356 351.7608 350.1832 348.425 346.5884 344.6811 342.5203 340.2016 338.0958 336.1642 334.4954 333.0838 331.3491 329.0262 326.6967 324.8516 323.3312 321.4196 319.2537 317.5144 315.689 313.6672 311.5768 309.7252 308.0515 306.4781 304.7445 302.7195 300.331 297.9129 295.961 294.3873
411.544 409.5005 407.891 406.454 404.8568 403.3261 401.713 399.5749 396.9326 394.6762 392.9012 390.472 387.3843 384.9199 382.9247 381.2131 379.7972 378.4068 376.7129 374.1891 371.1227 368.4153 366.6971 365.2759 363.8781 362.4999 360.9585 359.2068 357.6061 356.1578 354.6111 352.826 351.1215 349.4177 347.3833 345.371 343.3645 341.2413 339.0069 336.9682 334.8698 333.0571 331.5218 329.6956 327.4776 325.4261 323.6931 322.1402 320.0826 317.4598 315.5193 313.7562 311.8795 309.9074 307.9893 306.2618 304.7305 303.0084 300.8649 298.3087 296.0922 294.2293 292.4137
410.8614 408.9074 407.2847 405.7943 404.2273 402.6948 401.0032 398.8303 396.1549 393.6937 391.4659 388.8799 386.1014 383.8664 382.0016 380.526 379.1173 377.3694 375.1749 372.2298 369.2717 367.1606 365.7977 364.4783 363.0532 361.6275 360.088 358.5106 356.9477 355.4217 353.8575 352.0847 350.2764 348.3907 346.2088 344.2071 342.2749 340.2969 338.2416 336.0896 333.7929 331.6565 329.8022 327.9382 325.9461 324.209 322.4774 320.7468 318.708 316.0995 313.9866 312.0659 310.1249 308.3248 306.3907 304.6724 303.0682 301.3164 299.1452 296.5391 294.3273 292.4353 290.4952
410.1353 408.2549 406.6324 405.1364 403.5997 402.0165 400.3698 398.4277 395.6098 392.5252 389.8968 387.4844 385.24 383.1468 381.1868 379.69 378.2207 375.9528 373.1004 370.328 368.1182 366.4242 365.1435 363.854 362.3601 360.8546 359.337 357.8489 356.2789 354.5863 352.8882 351.0971 349.1537 347.1027 345.0089 343.1572 341.2906 339.3475 337.3467 335.0413 332.4904 330.2124 328.2872 326.4264 324.5427 322.789 320.9025 318.9239 316.6702 314.2773 312.1738 310.204 308.3206 306.7003 304.6927 302.755 300.9957 299.3823 297.3869 294.8564 292.5063 290.4744 288.5488
409.2532 407.6104 406.0838 404.6006 403.114 401.6291 400.0449 397.8194 394.5147 391.0404 388.5287 386.3052 384.3324 382.3777 380.2756 378.425 376.5994 374.1338 371.3524 369.1392 367.507 366.0529 364.7429 363.3665 361.783 360.1888 358.6449 357.1316 355.4345 353.635 352.0687 350.3147 348.1617 346.0153 344.1644 342.4207 340.4339 338.364 336.1803 333.7917 331.2662 328.9696 326.9474 324.9792 323.1794 321.3814 319.3766 317.2309 314.6445 312.273 310.4246 308.7043 306.8373 305.0291 302.9074 300.6147 298.5748 297.1368 295.3889 293.1001 290.7217 288.5984 286.6545
408.534 407.1496 405.6826 404.2078 402.7331 401.149 399.1138 395.9349 392.4139 389.6672 387.6856 385.3535 383.1838 381.37 379.2149 377.0569 375.0724 372.9482 370.585 368.5182 367.0525 365.7555 364.3742 362.8547 361.2166 359.63 358.0189 356.2676 354.338 352.5912 351.2526 349.4581 347.1399 345.0305 343.3873 341.6765 339.5295 337.3503 335.1206 332.6846 330.2544 327.8908 325.77 323.6822 321.7977 319.9909 318.0252 315.9201 313.4561 311.2053 309.2596 307.4096 305.3918 303.3492 301.2722 298.8806 296.6805 295.1883 293.3122 291.0166 288.8744 286.9266 284.9517
407.9344 406.6899 405.259 403.8649 402.3272 400.1997 397.3402 393.5448 390.7485 388.8872 386.9701 384.2932 381.9386 380.3259 378.2175 375.9093 374.0424 372.2208 370.2532 368.3506 366.8374 365.3943 363.8267 362.2045 360.5784 359.0068 357.2636 355.3059 353.3883 351.7186 350.1572 348.1882 345.9174 344.0071 342.4503 340.6213 338.4196 336.1962 334.04 331.6539 329.2179 326.6538 324.3936 322.2538 320.237 318.4022 316.5426 314.4221 311.887 309.7481 307.7808 305.8263 303.7033 301.4329 299.3799 297.3366 295.2894 293.5538 291.4932 289.0999 286.856 284.9813 283.182
407.3146 406.0991 404.7138 403.3901 401.7729 398.8582 395.4353 392.0633 389.9052 388.2607 386.0161 383.0676 380.5761 378.9832 376.9825 374.722 373.0637 371.5637 369.9793 368.275 366.6454 364.9982 363.2388 361.5616 359.9817 358.3186 356.464 354.6062 352.7764 350.9345 349.0525 347.0304 344.8061 342.9181 341.2729 339.2326 337.0982 334.8668 332.5655 330.2708 327.8546 325.0528 322.6827 320.5903 318.6448 316.7977 314.9797 312.907 310.2657 308.1053 306.1928 304.1321 301.9551 299.4799 297.3097 295.662 293.7669 291.7732 289.7275 287.5333 285.0245 282.5014 280.5293
406.5068 405.2614 403.9158 402.4539 400.5959 397.2131 393.7167 391.065 389.1243 387.2899 384.9221 381.8842 379.3463 377.7682 376.0782 374.1596 372.601 371.1311 369.5457 367.8569 366.2147 364.5591 362.5962 360.724 359.1461 357.4626 355.6848 353.985 351.9733 349.7466 347.8009 345.811 343.6319 341.7077 339.9076 337.798 335.6199 333.3947 330.9858 328.7361 326.4235 323.6014 321.1381 319.0329 317.1754 315.2105 313.2675 311.2984 308.6494 306.158 304.3577 302.3356 300.2727 297.8599 295.4422 293.717 291.7714 289.6566 287.7698 285.9105 283.5402 280.4888 278.0772
405.6634 404.4318 403.2157 401.4366 398.8015 395.4412 392.6458 390.5797 388.4983 386.1515 383.6868 380.7958 378.5695 377.108 375.6109 373.9027 372.3635 370.8329 369.109 367.2435 365.5158 363.8141 361.8132 359.8588 358.2105 356.5263 354.8617 353.1294 350.8616 348.3792 346.4456 344.6418 342.6327 340.5843 338.4697 336.3249 334.0443 331.7844 329.3534 326.9735 324.6403 322.0032 319.4367 317.2008 315.2505 313.2681 311.4677 309.7085 307.2426 304.3837 302.4451 300.3223 298.1968 296.1176 293.7589 291.7761 289.5022 287.2928 285.5316 283.7024 281.4472 278.5591 276.1205
404.9442 403.7367 402.5948 400.6537 397.5504 394.2812 391.9619 390.1043 387.8857 385.2744 382.8063 380.0212 377.96 376.58 375.1252 373.5086 372.0556 370.5053 368.5426 366.4784 364.7025 362.9332 360.9828 359.0742 357.3839 355.6331 353.8802 351.9701 349.6511 347.2349 345.1693 343.4445 341.523 339.4085 337.0829 334.688 332.3578 330.1432 327.7242 325.3588 323.0308 320.7176 317.9593 315.3657 313.4019 311.5957 309.751 307.8737 305.5024 302.6903 300.5733 298.2766 296.0488 294.3096 292.1853 290.0877 287.556 285.0173 283.0103 280.959 278.8394 276.5731 274.3137
404.294 403.1126 401.7592 399.2252 395.8767 393.0421 390.9987 389.1287 386.9368 384.4814 382.1079 379.5201 377.4736 376.0837 374.5904 372.9485 371.4658 369.8049 367.7405 365.7234 363.9821 362.1772 360.1654 358.2562 356.5958 354.7907 352.8473 350.7309 348.3218 346.0302 343.9694 342.2437 340.2035 337.9489 335.583 333.0293 330.7129 328.6449 326.4371 324.1854 321.6369 319.4265 316.7293 313.9308 311.9103 310.0419 308.0009 306.0694 303.752 301.1181 298.8594 296.6043 294.4818 292.6584 290.4843 288.3458 285.9282 283.2288 280.9822 278.9069 276.9301 274.8931 272.6609
403.5754 402.09 400.2363 397.2834 394.5399 392.4973 390.4763 388.158 385.7768 383.5593 381.4305 379.2941 377.3646 375.7455 374.0854 372.3765 370.7443 368.9576 367.0135 365.0575 363.2543 361.3614 359.2944 357.3015 355.5616 353.6647 351.6505 349.5012 347.1305 344.9563 342.9102 340.9854 338.7311 336.3702 334.089 331.5369 329.2007 327.2527 325.2624 322.9827 320.2799 317.8025 315.1491 312.5686 310.5533 308.6306 306.5654 304.3986 302.0203 299.5698 297.2302 295.0177 292.9948 291.0287 288.7997 286.517 284.1829 281.6033 279.2578 277.1282 275.0794 272.9881 270.8608
402.6401 400.7458 398.6853 396.1444 393.9601 392.1232 390.086 387.5294 384.8774 382.7494 380.8765 379.0935 377.3188 375.4536 373.6992 372.0146 370.1802 368.2305 366.3754 364.3941 362.3901 360.3489 358.3093 356.3227 354.539 352.5507 350.3531 348.2354 346.0608 343.993 341.9781 339.8829 337.6151 335.2069 332.8313 330.4082 328.1611 326.1569 324.0991 321.4977 318.4746 315.7278 313.2351 310.9918 308.8743 306.796 304.5429 301.782 299.5608 297.7477 295.6579 293.4417 291.5216 289.5662 287.3313 284.9149 282.5201 280.0474 277.717 275.5969 273.4189 271.1404 268.9637
401.8151 399.8374 397.7776 395.483 393.4019 391.6526 389.7001 387.1632 384.4591 382.2761 380.43 378.7085 376.8774 374.8324 373.1721 371.596 369.5701 367.4153 365.5017 363.4786 361.4054 359.4009 357.4598 355.5701 353.6917 351.5266 349.1166 346.9284 344.8617 342.9227 341.011 338.769 336.4602 334.1624 331.7767 329.4786 327.3099 325.057 322.6261 319.5064 316.2998 313.8423 311.5927 309.2868 306.9279 304.7744 302.5983 299.8143 297.6962 296.1334 294.247 292.0134 290.049 288.0348 285.8408 283.4512 281.1115 278.7293 276.4163 274.2223 271.8858 269.4776 267.0554
401.3509 399.3724 397.3581 395.1186 392.8714 391.0288 389.0337 386.5525 383.993 381.8017 379.951 378.2168 376.3584 374.3 372.6488 371.0815 368.9019 366.5429 364.4648 362.4725 360.5367 358.5425 356.5754 354.5759 352.4774 350.183 347.953 345.8661 343.787 341.7023 339.7399 337.5062 335.0773 332.8315 330.3569 327.7042 325.4118 323.1731 320.4869 317.4526 314.9844 312.8419 310.4497 307.8284 305.4606 303.4727 301.4479 298.9603 296.6708 294.7871 292.9081 290.6367 288.3983 286.2277 284.0543 281.7826 279.6594 277.4019 274.939 272.6071 270.2509 267.8474 265.4048
400.9218 398.9653 397.0073 394.8366 392.2464 390.1011 388.1149 385.7636 383.345 381.2697 379.4677 377.6219 375.7685 373.9336 372.1683 370.4029 368.0636 365.6 363.5627 361.6117 359.653 357.5895 355.575 353.5242 351.4435 349.139 347.0546 344.9028 342.6646 340.5436 338.5462 336.2254 333.5371 331.1497 328.6645 325.708 323.137 320.8947 318.4275 315.8516 313.7213 311.5916 309.126 306.4859 304.1694 302.2565 300.1505 297.6793 295.3251 293.2473 291.3194 289.1322 286.8084 284.5027 282.2002 279.9315 277.892 275.6572 273.1195 270.7194 268.3432 265.9011 263.6389
