t47_10m.asc
ncols         237
nrows         224
xllcorner     1210712.0242404
yllcorner     -710293.74166285
cellsize      10
NODATA_value  -9999
[rows 196 to 223 of 224, columns 0 to 62 of 237]
216.3831 214.0708 211.6909 209.3094 207.2376 205.1212 203.6957 205.9713 209.1019 211.4808 213.2056 214.7023 216.3566 217.9165 219.2204 220.3965 221.6589 223.738 227.3454 231.3997 234.4387 235.8039 235.9657 236.2554 237.2678 238.3395 239.2987 240.2342 241.0862 241.745 242.4567 243.3505 244.1538 244.6561 245.0527 245.3896 245.7447 246.0245 246.1151 246.4054 246.6861 246.7626 246.8838 246.7576 246.5008 246.2445 245.8439 245.457 245.1036 244.742 244.3094 243.8065 243.4226 242.9952 242.5708 242.1431 241.3058 240.3285 239.5281 238.8037 238.0439 237.4893 236.7442
214.2063 212.0706 209.8396 207.6084 205.4942 203.4016 201.535 202.9447 206.3544 208.8495 210.838 212.198 213.5836 214.945 216.0858 217.4541 219.1687 221.4729 224.8911 228.4278 231.1841 232.8125 233.3217 233.5812 234.4617 235.3732 236.425 237.5119 238.6586 239.7031 240.6446 241.4127 241.9777 242.6043 243.2834 243.725 243.9034 244.1667 244.2903 244.4832 244.6791 244.6997 244.7319 244.5905 244.3733 244.1993 243.8891 243.6949 243.3881 242.9762 242.5813 242.1311 241.7826 241.3928 240.8441 240.3456 239.5766 238.6841 237.9152 237.2972 236.622 236.0556 235.3668
212.3096 210.1467 207.8742 205.7133 203.6723 201.5573 199.448 200.129 203.9988 206.191 208.037 209.5237 210.8612 212.2545 213.4451 214.9661 216.9777 219.5237 222.833 225.7315 227.9121 229.6284 230.6354 231.0582 231.8967 232.5987 233.3515 234.6433 236.2035 237.4235 238.4513 239.4789 240.12 240.7915 241.434 241.8185 241.9677 242.163 242.3141 242.4222 242.5667 242.5742 242.6508 242.69 242.4609 242.1761 241.9627 241.8407 241.5399 241.2284 240.8872 240.4038 239.9561 239.6228 239.1374 238.631 237.9259 237.056 236.2015 235.5997 235.0487 234.5218 233.8601
210.548 208.3634 206.0407 203.845 201.8387 199.7192 197.5027 196.822 200.6881 203.3426 205.2651 206.9662 208.2597 209.6845 211.1362 212.5512 214.5396 216.8992 219.9471 222.7005 224.7561 226.3958 227.6256 228.208 229.1104 230.0696 230.8315 232.2405 233.8184 234.8585 235.9447 237.3596 238.1964 238.7598 239.3525 239.7967 239.9331 239.9246 240.0184 240.2361 240.505 240.7142 240.7955 240.7494 240.5096 240.1583 239.9898 239.9903 239.7328 239.4818 239.1695 238.6497 238.1556 237.8245 237.3562 236.7682 236.0074 235.2446 234.5437 233.9512 233.3636 232.8111 232.1507
208.7646 206.5336 204.2054 202.0099 200.0449 197.8735 195.6781 194.1813 197.1809 200.6465 202.6407 204.1484 205.3424 206.85 208.521 209.9678 212.0946 214.4888 217.1489 219.9936 222.1209 223.3417 224.4463 225.3495 226.2813 227.5107 228.6133 229.793 231.1738 232.4466 233.8056 235.2564 236.1072 236.7651 237.3929 237.7567 237.7194 237.6929 237.9529 238.3925 238.6691 238.8847 238.9117 238.752 238.5261 238.276 238.1106 238.1337 237.9332 237.6717 237.3821 236.8853 236.3376 235.893 235.3887 234.7939 234.0241 233.337 232.7613 232.2065 231.5748 231.0293 230.4581
206.9652 204.5394 202.2769 200.1756 198.0891 195.8164 193.6301 191.7935 193.9425 197.8915 200.0136 201.5493 202.9197 204.537 205.9952 207.3819 209.7587 212.5178 215.05 217.6631 219.4147 220.4647 221.5295 222.643 223.6085 224.9089 226.2778 227.615 229.1509 230.6835 231.9756 233.1942 234.1237 234.874 235.3378 235.5635 235.6182 235.8409 236.2724 236.6358 236.7752 236.904 236.9669 236.8434 236.5885 236.4251 236.3089 236.3374 236.2213 235.8707 235.4648 235.0869 234.5625 233.9616 233.2969 232.6877 232.0996 231.5201 230.9529 230.4059 229.8344 229.3893 228.9415
205.3658 202.7546 200.4374 198.294 196.1544 193.9556 191.7385 189.6451 190.8723 195.211 197.4921 199.1518 200.6426 202.2357 203.5951 205.1024 207.3338 209.8999 212.2399 214.572 216.1331 217.4088 218.8934 220.1385 221.1634 222.6653 224.1633 225.7121 227.5411 228.9801 229.743 230.7259 231.8254 232.4625 232.7749 233.1005 233.4881 233.8674 234.2596 234.5076 234.5984 234.6811 234.8674 234.8412 234.5519 234.425 234.4564 234.5328 234.4269 234.0806 233.5653 233.1205 232.525 231.9362 231.3702 230.756 230.2425 229.7414 229.1803 228.6326 228.1618 227.8041 227.4965
203.4681 200.8613 198.5334 196.3239 194.2059 192.1725 190.0201 187.8522 188.6794 192.4821 194.7134 196.6041 198.1225 199.4029 200.7169 202.5736 204.6956 206.6554 209.0652 211.8863 213.521 214.8968 216.6039 217.9121 219.0567 220.7483 222.4221 223.8921 225.621 226.8109 227.4421 228.3839 229.4824 230.1515 230.4415 230.798 231.2794 231.7091 231.926 232.1367 232.3002 232.407 232.6642 232.7622 232.691 232.6559 232.6883 232.7198 232.6151 232.2739 231.6009 230.8948 230.3634 230.09 229.6682 229.0465 228.4799 228.056 227.5847 227.0628 226.6528 226.3673 226.1321
201.4299 198.9428 196.6256 194.4146 192.2565 190.3137 188.3063 186.1356 186.957 190.3222 192.2342 194.0979 195.7596 196.9462 198.2163 200.1181 202.4418 204.3643 206.5746 209.319 211.0637 212.5363 214.2093 215.6241 216.976 218.7036 220.5567 221.8891 223.1682 224.3447 225.455 226.4507 227.406 228.1388 228.4319 228.6851 229.0115 229.4991 229.6975 230.0349 230.3795 230.5098 230.7126 230.8369 230.9176 230.9653 230.9442 230.9424 230.8677 230.4827 229.781 229.0932 228.6242 228.2221 227.6156 227.0526 226.5546 226.2631 226.0114 225.5615 225.1303 224.9409 224.7547
199.5324 197.1308 194.7406 192.4633 190.2155 188.2418 186.1929 183.8733 184.5869 188.4714 190.5143 191.8043 193.4361 194.9096 196.2313 198.013 200.3118 202.3427 204.433 206.731 208.4706 210.0923 211.695 213.2256 214.9958 216.8027 218.4932 219.6796 220.8259 222.0419 223.494 224.6361 225.3698 225.9189 226.2846 226.6733 227.069 227.5823 227.822 228.2844 228.6682 228.8015 228.9949 229.1802 229.1914 229.1389 229.0793 229.1034 229.059 228.5624 227.8408 227.2946 226.8835 226.3051 225.6171 225.0237 224.5258 224.3218 224.2711 223.9074 223.5048 223.4769 223.2721
197.832 195.3576 192.831 190.4704 188.112 185.8911 183.7095 181.2096 181.2442 185.302 188.3283 189.6929 191.1209 192.611 194.0318 195.9149 198.0635 200.1376 202.2288 204.3576 206.1395 207.91 209.494 211.0618 212.9897 214.697 216.3264 217.7877 219.1723 220.1736 221.5788 222.8687 223.2837 223.643 224.1747 224.5936 225.0747 225.7586 226.1777 226.6211 226.9743 227.1436 227.172 227.4499 227.4182 227.1962 227.1451 227.0087 226.5315 225.9274 225.5781 225.3348 225.0643 224.3916 223.5065 222.896 222.6446 222.5874 222.571 222.2148 221.9223 222.0571 221.6886
196.0567 193.3843 190.707 188.4035 186.1724 183.9113 181.7706 179.2685 178.442 182.3941 185.6937 187.276 188.5195 189.9993 191.7436 193.6338 195.5987 197.7344 200.006 202.1723 204.0399 205.8807 207.4548 208.7279 210.2673 211.8645 213.7355 215.616 217.312 218.3489 219.5542 220.8148 221.0824 221.3219 222.0251 222.6621 223.2677 223.998 224.5436 224.9587 225.1909 225.2773 224.9944 225.2954 225.3366 225.0379 225.0206 224.7175 224.0623 223.6524 223.4937 223.1612 222.6719 221.8917 221.1539 220.808 220.6942 220.6887 220.724 220.3816 220.127 220.2658 219.6338
194.2249 191.5933 189.0178 186.5907 184.3279 182.1975 180.0694 177.4487 175.87 179.3085 182.4844 184.5377 185.9052 187.3666 189.4941 191.3105 193.2468 195.609 198.0531 200.1272 201.9245 203.599 204.9804 206.0011 207.4442 209.2265 211.3401 213.3542 215.0336 216.3092 217.3438 218.2653 218.6627 219.1097 220.0733 221.0383 221.6217 222.1254 222.6972 223.0608 223.2099 223.3325 223.163 223.264 223.3131 223.2069 223.2063 222.8569 222.1522 221.5689 221.1985 220.6963 219.961 219.1952 218.7532 218.6212 218.3863 218.3495 218.4597 218.2983 218.0553 217.6241 216.7554
192.7081 190.1787 187.6353 184.9899 182.7112 180.7072 178.5341 175.8811 173.786 176.3524 179.8257 182.0856 183.6819 185.0412 187.0033 188.8093 191.0867 193.7532 196.1292 198.147 199.7856 201.1267 202.4099 203.5788 205.0744 206.873 208.9879 210.9103 212.2967 213.685 214.8389 215.79 216.6371 217.286 218.1309 218.9838 219.5611 220.1681 220.7679 221.0663 221.3496 221.538 221.4905 221.5279 221.6481 221.7372 221.7 221.1821 220.2873 219.5648 219.1258 218.5699 217.7264 216.8862 216.4552 216.3307 215.9606 215.6505 215.9487 216.3549 216.1915 215.3012 214.3995
191.2217 188.6523 186.1209 183.4036 180.9557 178.9481 176.8746 174.3237 171.5709 172.6905 176.5537 179.3739 181.5957 183.1765 184.6991 186.4291 188.9766 191.932 194.1401 195.8849 197.2659 198.4754 199.8349 201.362 202.9377 204.5914 206.5921 208.229 209.3821 210.836 212.3401 213.6227 214.7751 215.5375 216.2886 217.014 217.616 218.289 218.8951 219.2122 219.5873 219.6806 219.5983 219.7193 219.8519 219.9499 219.8965 219.3773 218.6737 218.0185 217.4235 216.7822 215.8931 214.9223 214.3235 213.9386 213.6657 213.2212 213.2561 213.3965 213.0994 212.4448 211.5478
189.5073 187.0919 184.5404 181.7898 179.2521 177.1183 175.1205 172.8617 169.8328 168.8291 172.3895 176.3543 179.1841 181.3678 182.8614 184.3558 186.5457 189.5479 191.9755 193.6634 194.8691 196.0261 197.3118 199.0807 200.8441 202.3432 204.1132 205.3763 206.5629 208.2643 210.1193 211.6022 212.8109 213.7563 214.601 215.2705 215.8699 216.5771 217.2334 217.5472 217.8549 217.9286 217.9268 218.0829 218.0994 218.0858 218.0609 217.4916 216.7679 215.9952 215.2734 214.7191 213.8067 212.6324 212.0229 211.7038 211.6135 210.9735 210.2695 209.8475 209.2665 208.2343 206.6584
187.7996 185.5499 183.1066 180.5054 177.9567 175.4562 173.2365 171.335 168.8267 166.3845 168.7037 172.8901 175.4964 179.0212 181.1171 182.6255 184.5015 186.773 189.2376 191.1337 192.5185 193.9039 195.1756 196.8638 198.5085 199.9297 201.5629 202.9877 204.7189 206.7728 208.6267 209.998 211.1089 212.0514 212.9108 213.4631 213.9932 214.7505 215.5118 215.907 216.1595 216.285 216.3339 216.4351 216.4218 216.2946 216.0903 215.3431 214.2846 213.3809 212.7806 212.1999 211.1215 209.9382 209.4626 209.4793 209.4777 208.6902 207.8398 207.5793 206.3466 203.7734 201.9617
186.301 184.0641 181.7762 179.2151 176.6151 173.9781 171.5921 169.6747 167.6884 164.9187 164.9836 168.6976 171.6806 176.1211 178.999 180.7377 182.4341 184.1578 186.4413 188.462 190.2735 191.9962 193.3879 195.0959 196.6345 198.0516 199.6713 201.625 203.6709 205.6869 207.4904 208.7596 209.6875 210.4047 211.1636 211.6531 212.2125 213.0478 213.8154 214.2751 214.458 214.6044 214.6189 214.5096 214.4798 214.3494 214.003 213.2984 212.0642 211.015 210.2399 209.3515 208.2368 207.5214 207.0605 206.9265 206.8596 205.8652 204.7529 204.2737 202.5174 199.8491 198.4448
184.8016 182.5021 180.2468 177.802 175.357 172.9394 170.5269 168.3698 166.576 164.313 162.7456 165.7135 170.25 174.1182 176.6426 178.4156 180.025 181.7054 184.204 186.1674 187.8962 189.783 191.2482 192.9066 194.7779 196.7355 198.5807 200.8261 202.9184 204.7598 206.5755 207.6828 208.2594 208.6483 209.2357 209.8134 210.4503 211.3538 212.0619 212.4909 212.6451 212.7771 212.8098 212.6821 212.6508 212.5824 212.2317 211.5632 210.545 209.286 208.0517 206.9484 205.8296 205.3513 204.6559 203.8639 203.0708 201.6998 200.9038 200.3276 198.0377 196.2021 195.2531
183.532 181.1914 178.891 176.5577 174.2261 171.8495 169.3923 167.1813 165.3651 163.4593 161.1293 162.1822 167.8602 171.3947 173.4427 175.5279 177.3913 179.2003 181.5936 183.5785 185.3203 187.4975 189.4198 191.3005 193.4408 195.7534 197.6783 199.7289 201.9341 203.7836 205.1796 205.7857 206.0264 206.4394 207.2119 208.0455 208.7523 209.6211 210.2427 210.6842 210.9109 211.0078 211.033 210.89 210.7661 210.6078 210.4172 209.8512 208.8891 207.4875 206.0535 204.829 203.53 202.8999 201.6872 200.0346 198.2682 197.2444 197.2079 196.6015 194.096 192.2567 191.5968
182.1387 179.8445 177.6205 175.2527 172.8623 170.5177 168.1579 166.0455 164.1116 162.1584 159.7545 159.7189 164.2919 167.7952 170.3468 172.6968 174.864 177.0312 179.3636 181.6574 183.5298 185.7889 188.043 190.1449 192.3244 194.53 196.436 198.2404 200.1272 201.7013 202.3496 202.5354 203.1159 204.1382 205.3861 206.4629 207.165 207.8563 208.3001 208.632 208.7878 208.8828 209.2057 209.1735 209.04 208.8777 208.7182 208.2792 207.453 205.9867 203.9615 202.1318 200.6684 200.0785 198.3883 196.015 194.4224 194.0109 193.7919 192.4697 190.0258 188.3978 188.2009
180.6028 178.4365 176.2639 173.9048 171.5614 169.3569 167.0583 164.8651 162.7964 160.7398 158.3234 157.2145 160.1905 164.204 167.3831 170.3317 172.7796 175.3751 178.0062 180.376 182.2412 184.4938 186.9351 188.7602 190.7902 192.9397 194.7239 196.233 197.421 198.4244 199.0974 199.8501 201.1433 202.4513 203.6745 204.7935 205.5538 205.9836 206.0719 206.179 206.3914 206.588 207.081 207.0496 207.0454 207.1399 207.0181 206.7628 206.2831 204.9018 202.1581 199.3528 197.5529 196.5759 194.4568 191.8582 190.5334 190.166 189.5674 187.8835 186.1173 185.1796 185.0813
179.145 177.1001 174.9339 172.6606 170.4008 168.2628 166.0146 163.754 161.6188 159.5968 157.1816 155.2276 156.7031 160.4171 164.0801 167.8466 170.7883 173.5861 176.2818 178.5254 180.5264 182.8162 185.3724 186.9795 188.7803 190.6923 191.948 193.2238 194.1742 195.1616 196.6436 198.16 199.6945 201.0635 202.0307 202.9015 203.592 203.8516 203.8892 204.0839 204.5767 204.7836 205.0468 205.019 205.1288 205.3199 205.2506 205.2281 205.097 203.8036 200.6904 196.8896 194.4259 192.5368 190.2927 187.8997 186.7344 186.3602 185.3069 183.984 182.8505 182.0294 181.7908
177.7251 175.8033 173.7534 171.4809 169.21 167.1539 165.0024 162.6252 160.3335 158.5077 156.4832 153.9993 153.4548 156.4576 160.5101 164.4914 168.7028 171.6166 173.8549 176.2152 178.6971 181.1094 183.4995 184.9644 186.2555 187.7474 188.813 190.0871 191.4369 193.0143 194.8767 196.6264 198.1024 199.3896 200.29 200.9264 201.3259 201.587 202.0501 202.414 202.8858 203.2039 203.4492 203.509 203.5605 203.7232 203.7674 203.697 203.3829 201.5386 198.2744 193.9266 191.1115 188.619 186.5638 184.4391 183.0361 182.1088 180.7453 180.0944 179.6355 179.0665 179.0211
176.4251 174.6382 172.5281 170.2871 168.03 165.959 163.9494 161.7041 159.3362 157.4591 155.7044 153.2999 151.4253 152.7387 157.0918 161.6687 166.5083 170.2692 172.3773 174.6429 177.2776 179.5276 181.4249 182.5719 183.5382 184.8849 186.1906 187.9383 189.7976 191.5078 193.2561 194.9785 196.332 197.4296 198.3788 198.9573 199.4484 199.8967 200.4903 200.9427 201.3259 201.7126 201.9404 202.0111 202.0452 202.2208 202.2834 201.6309 200.6742 197.7712 192.5795 188.5383 186.7292 184.7738 182.7927 181.1092 179.6346 178.4733 177.1759 176.3833 175.9935 175.8685 176.2574
174.745 172.8625 170.7567 168.7873 166.7549 164.6696 162.6652 160.6931 158.4133 156.3219 154.371 152.1694 150.2923 149.6863 153.0123 158.9591 164.5838 168.9602 171.1247 173.0098 175.4523 177.374 178.8223 179.9709 181.0982 182.4855 183.98 186.0702 188.3649 190.2198 191.89 193.5912 195.0421 195.9001 196.4868 196.8201 197.4215 198.1288 198.8029 199.3732 199.6664 199.8906 200.1186 200.2964 200.4169 200.5858 200.6183 199.3831 197.6219 193.9211 187.627 183.6686 182.1705 180.9331 179.2009 177.7418 176.4237 175.3866 174.3878 173.5502 172.9837 172.7901 173.2442
173.0667 171.0945 169.0724 167.2634 165.4727 163.3671 161.1579 159.3661 157.2852 155.1201 152.9026 150.8554 149.4232 147.961 149.496 155.7193 162.2368 166.4901 169.2247 171.163 173.1169 174.9052 176.1827 177.5668 179.1831 180.7168 182.4572 184.4995 186.8528 188.8757 190.4668 192.032 193.5121 194.321 194.8961 195.1493 195.6108 196.3378 196.9798 197.4539 197.6927 198.0648 198.5743 198.8466 198.8824 198.7573 198.5131 197.1201 194.3378 190.0542 184.3149 180.3145 178.1169 176.8966 175.5383 174.2313 173.1934 172.3264 171.549 170.8845 170.3937 170.1081 170.5507
-9999 -9999 -9999 -9999 -9999 -9999 -9999 -9999 -9999 -9999 -9999 -9999 -9999 -9999 -9999 -9999 -9999 -9999 -9999 -9999 -9999 -9999 -9999 -9999 -9999 -9999 -9999 -9999 -9999 -9999 -9999 -9999 -9999 -9999 -9999 -9999 -9999 -9999 -9999 -9999 -9999 -9999 -9999 -9999 -9999 -9999 -9999 -9999 -9999 -9999 -9999 -9999 -9999 -9999 -9999 -9999 -9999 -9999 -9999 -9999 -9999 -9999 -9999
