t47_10m.asc
ncols         237
nrows         224
xllcorner     1210712.0242404
yllcorner     -710293.74166285
cellsize      10
NODATA_value  -9999
[rows 140 to 167 of 224, columns 63 to 125 of 237]
322.548 320.4695 318.3333 315.9019 313.6384 312.0108 310.1949 307.528 304.1173 301.068 298.2152 295.2256 292.5659 290.6002 289.1403 287.2647 284.2424 280.7286 277.9639 276.0065 274.7208 273.2648 270.74 267.8197 264.8545 261.6284 258.6756 255.457 250.9648 247.7024 245.862 243.6739 241.132 238.8959 236.8178 234.704 232.0388 229.6054 227.8632 225.9954 224.0432 221.9115 219.6862 217.6112 215.4169 213.0422 210.6896 208.9587 206.6129 203.82 201.4368 199.6359 197.7927 195.4821 193.2901 191.3877 189.0718 187.0993 185.9157 184.6302 182.3 179.4835 175.855
320.7141 318.616 316.3417 314.0432 312.1187 310.5404 308.3361 305.3538 301.7986 298.7569 295.9862 292.9674 290.3583 288.5911 287.0958 284.7894 281.0623 277.6173 275.1584 273.2027 271.8929 270.4829 267.9896 265.2253 262.4088 259.6666 256.945 253.4495 248.8839 245.5927 243.6555 241.4171 239.0209 236.7702 234.7399 232.919 230.6018 228.319 226.6945 224.861 222.5573 220.1193 217.8499 215.8347 213.7534 211.6546 209.4871 207.5154 205.0717 202.3345 200.2767 198.4588 196.4081 193.8984 191.2417 188.9213 186.012 183.9072 182.995 182.1388 180.2594 177.4549 174.2724
319.1665 317.146 314.9323 312.6757 310.7829 308.9287 306.4186 303.4926 299.9147 296.7205 293.9238 291.0916 288.5302 286.6583 284.6254 281.4989 277.9223 274.9306 272.1754 270.1669 268.9135 267.4194 265.2403 262.6971 260.0239 257.4373 254.5283 250.9256 247.03 243.2488 240.8335 238.9013 236.7564 234.519 232.5904 231.1633 229.3578 227.2634 225.3933 223.4359 220.8948 218.437 216.3612 214.3229 212.2986 210.2611 208.081 205.6741 203.2199 200.8123 198.7738 196.8611 194.7326 192.084 189.219 186.5444 183.6956 181.7359 180.3371 178.5999 176.421 174.394 172.1509
317.822 315.8083 313.674 311.206 308.9118 306.8005 304.2074 301.0746 297.5374 294.5953 291.9739 289.4418 286.9067 284.6667 281.9631 278.4575 275.2857 272.5441 269.9356 268.1052 266.4964 264.2527 261.7917 259.4805 257.1249 254.5943 251.3923 248.1327 244.7893 240.6507 238.0785 236.4214 234.4094 232.5285 230.9642 229.701 228.1309 226.056 223.9676 221.9901 219.4055 217.0753 215.0078 212.8803 210.8498 208.5539 206.1418 203.6633 201.4406 199.2841 197.0954 195.0941 192.9734 190.1857 187.2312 184.6837 182.0976 179.7929 177.5277 175.1605 172.5835 170.5569 168.9934
316.485 314.4372 312.3287 309.7818 307.125 304.5958 301.7332 298.5533 295.4573 292.72 290.1844 287.8864 285.5355 282.9604 279.7962 276.7705 273.6901 270.6363 268.1572 266.0919 263.6071 261.0842 258.6406 256.0052 253.5328 250.935 247.6851 244.6488 241.48 238.2959 236.1966 234.5298 232.8206 231.2629 229.7388 228.1767 226.5804 224.5762 222.442 220.5641 218.078 215.7976 213.5278 211.2823 209.1189 206.4421 203.7861 201.4691 199.6784 197.5656 195.0982 193.0375 190.8668 188.1272 185.5382 183.4023 180.868 178.041 175.4523 173.0048 170.243 167.5164 165.4557
315.1747 313.0457 311.0316 308.4999 305.636 302.7879 299.9533 296.8784 293.7928 291.1268 288.7037 286.4005 283.8447 280.8534 277.758 275.0509 272.0736 269.0068 266.59 264.2708 261.2411 258.6525 256.3402 253.0817 250.0726 247.5534 244.9946 242.1358 239.216 237.0413 235.1354 233.1707 231.5277 229.8988 228.2708 226.6071 224.9215 222.9698 221.0222 219.4184 217.1388 214.5502 211.9149 209.4798 206.9749 204.1216 201.6657 199.5523 197.7866 195.5331 192.8335 190.632 188.5307 186.4208 184.3796 182.2366 179.5482 176.3008 173.6605 171.2357 168.6243 165.8769 163.0501
313.669 311.5253 309.6173 306.9884 303.9347 300.878 298.0388 294.9386 292.1649 289.7584 287.2862 284.7122 281.9232 278.8767 276.1866 273.4349 270.4089 267.639 265.1998 262.7281 259.9473 257.2798 254.7753 251.5957 248.5268 246.0129 243.4152 240.4349 237.8369 235.9679 234.0632 231.9779 230.1639 228.3326 226.6996 225.168 223.4976 221.6674 220.032 218.4565 216.1994 213.0327 210.049 207.5452 204.8044 201.9792 199.6947 197.6705 195.6523 193.3661 190.6592 188.3849 186.5753 184.9454 182.9687 180.5926 177.9263 174.5587 171.7676 169.2734 166.9491 164.5244 161.5969
311.597 309.4585 307.261 304.223 301.1857 298.1445 295.1309 292.4991 290.3467 288.0668 285.7004 283.0282 280.043 277.1064 274.6924 271.9659 269.0625 266.5391 263.9969 261.1654 258.5299 256.0308 253.2836 250.2013 247.4114 245.045 242.1947 239.0549 236.6376 234.7341 232.7043 230.6773 228.7689 226.774 225.0301 223.4377 221.8267 220.1316 218.6251 216.9183 214.7905 211.4415 208.1418 205.5397 202.7861 200.1407 197.8475 195.5879 193.3381 191.1273 188.856 186.8456 184.9514 183.0164 180.7784 178.2236 175.5693 172.4053 169.7567 167.2794 165.0063 162.7802 160.1328
309.8136 307.3371 304.3665 301.1931 298.3768 295.5353 292.3741 290.1537 288.3896 286.1889 283.9858 281.4297 278.6119 275.7172 273.2623 270.6248 267.8908 265.4534 262.7814 259.7922 257.1086 254.6971 251.8545 248.7049 246.1452 244.116 241.4196 238.136 235.5082 233.5365 231.4698 229.4613 227.42 225.4341 223.6164 221.7881 220.1663 218.5275 216.862 215.0338 213.033 210.2338 206.9725 203.8039 200.4941 198.1545 196.1959 193.6023 191.1918 189.1388 187.183 185.2388 183.1843 180.9025 178.2566 175.4995 173.0016 170.4021 167.984 165.4857 163.0523 160.6613 158.0687
308.6642 305.9062 302.7198 299.6756 296.9039 294.2763 291.4581 288.9103 286.6182 284.217 282.1134 279.7591 277.0536 274.267 271.8295 269.1666 266.272 263.7643 261.099 258.2813 255.5696 252.9944 250.3114 247.4232 244.9745 243.0002 240.4451 237.1266 234.1727 232.1573 230.1632 228.1882 226.0727 224.0442 222.2749 220.3768 218.5497 216.7435 215.0013 213.3033 211.4155 209.147 206.0535 202.1958 198.5333 196.4769 194.5775 191.6109 189.2486 187.4994 185.5453 183.3991 181.3471 179.1755 176.5643 173.9846 171.6966 169.2227 166.6663 164.0746 161.6078 159.0654 156.4734
308.0946 304.8305 301.4171 298.1543 295.4202 292.8851 290.2065 287.3618 284.7633 282.4811 280.5088 278.1619 275.316 272.3972 269.7762 267.0944 264.4113 262.081 259.5351 256.5174 253.5796 251.0473 248.6203 246.0646 243.6608 241.4791 238.6837 235.4813 232.4776 230.4987 228.71 226.7325 224.5242 222.3802 220.7603 218.9135 216.835 214.8679 213.162 211.6211 209.9239 207.702 204.2867 200.1341 196.9794 194.8651 192.3381 189.3432 187.3641 185.8394 183.8862 181.6732 179.6393 177.605 175.2734 172.7631 170.4142 168.1304 165.7044 163.0527 160.5102 157.9691 155.3678
307.3575 303.5626 299.9129 296.7663 293.9994 291.3984 288.7436 285.7733 283.1374 280.9207 278.8885 276.4351 273.5313 270.4686 267.7766 265.3578 262.9875 260.4937 257.7534 254.6486 251.5733 248.9785 246.7768 244.5656 242.1973 239.8187 236.8535 233.8174 231.1484 229.1335 227.3983 225.4629 223.2428 221.0058 219.2099 217.2714 215.1489 213.1303 211.4601 209.9665 208.3391 205.985 202.3534 198.403 195.6091 193.0876 190.2908 187.7206 185.785 184.0324 182.1636 180.0926 178.0759 175.959 173.8147 171.423 168.9039 166.7095 164.4932 161.9008 159.2993 156.8969 154.3405
306.1654 301.9709 298.3753 295.6229 292.7721 289.8538 286.9037 283.8679 281.3198 278.9711 276.8474 274.3408 271.3897 268.5863 266.0385 263.6704 261.2306 258.4129 255.5616 252.7822 250.0137 247.5328 245.396 243.1832 240.7919 238.201 235.1996 232.3818 230.1808 228.1115 226.1432 224.1414 221.894 219.6336 217.4778 215.3956 213.5141 211.6252 209.7337 208.0329 206.3314 204.0209 200.5661 197.268 194.5667 191.4801 188.5414 186.2861 184.2507 182.2228 180.4436 178.5149 176.4895 174.3757 172.1949 169.9075 167.4283 165.2161 163.033 160.5762 158.1115 155.812 153.3071
304.3503 300.2401 297.2205 294.8212 291.7704 288.2437 284.6921 281.6994 279.4299 277.1551 274.9647 272.5969 269.7908 266.8871 264.4087 262.144 259.5537 256.569 253.7333 251.1835 248.7101 246.5201 244.2599 241.6585 239.173 236.55 233.6327 231.105 229.1033 226.944 224.7153 222.5417 220.2757 218.0997 215.8404 213.6884 211.8628 210.0504 207.862 205.8356 203.9693 201.594 198.5952 196.2444 193.882 190.3142 186.8115 184.5121 182.5825 180.5926 178.7524 176.8673 175.0085 173.0416 170.6757 168.3752 166.0927 163.8462 161.5244 159.2048 156.9346 154.6248 152.1307
302.2628 298.9399 296.2479 293.7599 290.405 286.1051 281.9309 279.3226 277.608 275.5515 273.1373 270.788 268.2155 265.0751 262.6822 260.4887 257.6872 254.8159 252.2418 249.8047 247.3305 245.0957 242.6243 239.8626 237.4247 235.1059 232.4949 230.0041 227.8578 225.6381 223.3658 221.1516 218.8615 216.6383 214.4059 212.1451 210.1589 208.3445 206.1477 203.8508 201.6345 199.2293 196.8851 194.9301 192.6541 189.2784 185.4237 182.7169 181.0192 179.2343 177.2122 175.2001 173.4341 171.506 169.2398 167.0302 164.7505 162.5063 160.1837 157.9483 155.7471 153.4293 150.9317
299.9925 297.5234 294.7285 291.7052 287.9432 283.1095 279.0137 276.9445 275.5067 273.5793 271.2723 268.8329 266.2769 263.1937 260.8483 258.6743 256.0118 253.38 250.9057 248.4977 246.0043 243.5042 240.925 238.4616 236.0208 233.5687 231.0796 228.6624 226.4905 224.3486 222.1154 219.8268 217.4178 215.0414 212.8995 210.6939 208.4848 206.4646 204.2159 201.744 199.3945 197.2582 195.2446 193.043 190.7046 188.1772 184.7304 181.4168 179.4935 177.809 175.8677 173.6692 171.6614 169.774 167.8192 165.7691 163.5191 161.231 158.9356 156.7254 154.549 152.2954 149.8681
298.0468 295.5615 292.3228 288.4304 284.1922 279.6354 276.417 274.4623 272.7365 270.8212 268.9193 266.4691 264.0878 261.2411 258.9211 256.9815 254.7049 252.0722 249.3144 246.9401 244.6115 242.1557 239.7346 237.3106 234.5073 231.6055 229.2225 227.121 225.0521 222.983 220.8196 218.4574 215.9398 213.5251 211.39 209.1731 206.659 204.3706 202.113 199.6743 197.5135 195.6938 193.6514 191.2309 188.8526 186.5821 183.5409 180.2036 177.9902 176.3167 174.5359 172.2975 170.0724 168.1819 166.3539 164.3251 162.1996 160.0125 157.8097 155.6047 153.3145 151.0972 148.8389
295.7498 292.881 289.5913 285.2755 280.8925 277.1755 274.4147 272.3156 270.1205 268.0441 266.2728 264.0224 261.7888 259.4562 257.4859 255.6443 253.2998 250.3853 247.5331 245.287 243.0984 240.7215 238.3401 235.7572 232.765 229.8413 227.6604 225.7267 223.6719 221.5533 219.4391 217.1596 214.6046 212.1971 209.8667 207.5089 204.9352 202.6822 200.613 198.3634 196.2629 194.4089 192.2973 189.8386 187.393 184.9781 182.2682 179.2869 176.9148 174.9529 172.9882 170.8248 168.5446 166.5484 164.7322 162.7799 160.8016 158.7763 156.6883 154.4707 152.0141 149.7823 147.7139
293.24 290.1136 286.645 282.5274 278.6838 275.6968 273.2581 271.0515 268.5204 266.2909 264.5257 262.4509 260.2064 258.2805 256.4465 254.1959 251.5086 248.6591 246.1809 244.0093 241.703 239.223 236.7899 234.214 231.3839 228.8136 226.5967 224.3942 222.2398 220.1407 217.9276 215.6252 213.0839 210.7681 208.4124 206.0435 203.595 201.3145 199.1888 197.0416 194.9039 192.855 190.8136 188.5365 186.1765 183.7564 181.2079 178.5715 176.1603 173.9099 171.7407 169.624 167.3784 165.2509 163.2339 161.2658 159.4082 157.4913 155.447 153.2367 150.8564 148.5555 146.4442
290.7703 287.7491 284.3365 280.6875 277.777 275.0698 272.4434 270.0212 267.3467 264.975 262.9728 260.8652 258.639 256.8976 255.0322 252.3724 249.6473 247.1708 244.9637 242.7084 240.298 237.8792 235.403 232.7914 230.1562 227.723 225.4054 223.135 220.9866 218.8418 216.4739 214.1831 211.8103 209.4658 207.0184 204.6599 202.4093 200.0991 197.7816 195.6787 193.5498 191.2859 189.075 186.9672 184.8579 182.6682 180.2152 177.5878 175.1089 172.7802 170.5347 168.4478 166.235 164.0664 161.9209 159.8362 157.9466 156.0814 154.0052 151.7855 149.6357 147.4853 145.3076
288.0225 285.2454 282.2443 279.266 276.8702 274.2021 271.3441 268.8541 266.3383 263.9464 261.7765 259.5325 257.4104 255.5825 253.5148 250.7213 248.1817 245.9501 243.6726 241.2444 238.7754 236.4417 234.0329 231.5113 229.0867 226.592 224.1411 221.8584 219.6899 217.5258 215.1614 212.8762 210.6266 208.234 205.6929 203.339 201.1747 198.8806 196.5587 194.4565 192.2338 189.9294 187.6466 185.4805 183.379 181.289 178.9491 176.4545 173.9792 171.6009 169.3461 167.2332 164.9426 162.7828 160.698 158.5924 156.6111 154.6633 152.6631 150.6194 148.579 146.4538 144.2121
285.5339 283.1086 280.6048 278.0721 275.7705 273.2511 270.5666 268.1432 265.6867 263.1967 260.8471 258.4061 256.2447 254.2116 251.9506 249.3712 247.0029 244.6818 242.1734 239.7128 237.399 235.1754 232.796 230.3174 227.9814 225.4865 222.9073 220.5325 218.3089 216.176 213.8238 211.4711 209.207 206.8788 204.4763 202.0968 199.8436 197.5895 195.3875 193.2108 190.8241 188.4843 186.3177 184.0559 181.8666 179.7458 177.5535 175.3372 172.9248 170.4178 168.07 165.8609 163.5101 161.3835 159.3848 157.3658 155.4497 153.4427 151.4519 149.4835 147.4694 145.2937 143.039
283.6671 281.2902 278.9866 276.6645 274.4805 272.1777 269.7957 267.4301 264.8249 262.2487 259.7822 257.2201 254.8773 252.7451 250.514 248.1626 245.6609 243.1268 240.6606 238.3358 236.1703 233.9167 231.4432 228.9785 226.6518 224.2847 221.8151 219.3983 217.0517 214.782 212.4246 210.1271 207.8167 205.4125 203.1605 200.8615 198.4921 196.1385 194.0082 191.9096 189.4917 187.0175 184.9129 182.7091 180.4757 178.3051 176.1565 173.9859 171.6982 169.2711 166.8712 164.5405 162.1804 160.0653 158.0328 155.968 154.0851 152.0101 149.9551 147.9224 145.9209 143.9008 141.8506
281.9457 279.6776 277.546 275.3607 273.1746 271.0237 268.9207 266.5451 263.7968 261.0668 258.4164 255.8896 253.7247 251.8579 249.5748 246.8443 244.0782 241.6991 239.4307 237.1097 234.8907 232.5596 230.0179 227.6061 225.4057 223.0511 220.5357 218.1545 215.9092 213.4998 211.0838 208.811 206.5162 204.0101 201.6933 199.48 197.1938 194.8024 192.516 190.3504 188.0391 185.5705 183.3025 181.1451 178.9534 176.8324 174.6592 172.4077 170.16 167.9275 165.6562 163.4159 161.1825 159.0446 156.8345 154.5807 152.6476 150.6884 148.7127 146.6076 144.554 142.6161 140.6896
280.3737 278.0951 276.1056 274.0247 271.7524 269.6785 267.7395 265.2018 262.3658 259.6416 256.9676 254.7707 252.8374 250.8492 248.2202 245.2109 242.4998 240.2965 238.0811 235.7601 233.5062 231.205 228.7537 226.3868 224.1973 221.8494 219.2538 216.8056 214.6389 212.2819 209.8479 207.4305 205.1287 202.7879 200.4612 198.0891 195.8096 193.4975 191.1239 188.7948 186.5364 184.2516 181.9072 179.6722 177.4271 175.3904 173.2369 170.9953 168.7219 166.5175 164.3966 162.3244 160.1674 157.9075 155.6509 153.4368 151.4064 149.4695 147.5358 145.4556 143.3782 141.3571 139.4021
279.1945 276.7759 274.7012 272.699 270.459 268.2908 266.1274 263.2957 260.5505 258.1955 255.6879 253.6182 251.5758 249.1817 246.5689 243.7771 241.1301 238.9263 236.7619 234.4501 232.0559 229.8206 227.6817 225.3746 222.9514 220.6383 218.1239 215.5449 213.2665 210.9294 208.4962 206.0259 203.6946 201.5125 199.3055 196.8036 194.3808 192.1158 189.8542 187.4576 185.0953 182.8485 180.5858 178.336 176.0477 173.952 171.747 169.6164 167.4513 165.1926 162.9487 160.8686 158.8656 156.644 154.421 152.2963 150.2155 148.2035 146.233 144.2496 142.1828 140.1082 138.0936
278.3696 275.9326 273.7419 271.5602 269.0952 266.6285 264.2736 261.5845 259.1396 257.0776 254.7953 252.6429 250.4546 247.8535 245.2411 242.6579 240.1856 237.8819 235.6344 233.3937 230.9745 228.7107 226.5734 224.3 221.7765 219.2796 216.834 214.3587 212.0218 209.7155 207.2892 204.8164 202.4182 200.2119 197.9711 195.3792 192.9015 190.6778 188.3797 185.974 183.6127 181.3844 179.1523 176.8347 174.5159 172.3728 170.1696 168.0979 165.9136 163.6783 161.4953 159.3709 157.3994 155.2583 153.0957 151.0627 149.0838 147.0881 144.9794 142.948 140.9254 138.9173 136.9789
277.4128 274.7689 272.384 270.0855 267.6294 265.1075 262.6947 260.331 258.2563 256.3378 254.2223 252.0821 249.5434 246.5327 243.9497 241.6617 239.2458 236.7989 234.5785 232.4108 230.0376 227.7088 225.4375 223.1414 220.6142 217.9709 215.6058 213.2321 210.8126 208.5 206.1102 203.6845 201.2868 199.0681 196.7384 194.0468 191.5449 189.3784 187.0223 184.4715 182.1177 179.9146 177.675 175.3775 173.1249 170.9857 168.7305 166.5687 164.3064 162.1241 160.0849 157.9489 155.9163 153.7276 151.5628 149.5629 147.5871 145.6409 143.6342 141.6895 139.7345 137.6795 135.8438
